1 0.000 27.000 0.000 255 255 255
2 0.000 27.000 0.003 255 255 255
3 0.000 27.000 0.010 255 255 255
4 0.000 27.000 0.023 255 255 255
5 0.000 27.000 0.042 255 255 255
6 0.000 27.000 0.065 255 255 255
7 0.000 27.000 0.093 255 255 255
8 0.000 27.000 0.126 255 255 255
9 0.000 27.000 0.164 255 255 255
10 0.000 27.000 0.207 255 255 255
11 0.000 27.000 0.255 255 255 255
12 0.000 27.000 0.308 255 255 255
13 0.000 27.000 0.365 255 255 255
14 0.000 27.000 0.428 255 255 255
15 0.000 27.000 0.495 255 255 255
16 0.000 27.000 0.566 255 255 255
17 0.000 27.000 0.642 255 255 255
18 0.000 27.000 0.723 255 255 255
19 0.000 27.000 0.808 255 255 255
20 0.000 27.000 0.898 255 255 255
21 0.000 27.000 0.992 255 255 255
22 0.000 27.000 1.090 255 255 255
23 0.000 27.000 1.193 255 255 255
24 0.000 27.000 1.300 255 255 255
25 0.000 27.000 1.411 255 255 255
26 0.000 27.000 1.527 255 255 255
27 0.000 27.000 1.646 255 255 255
28 0.000 27.000 1.770 255 255 255
29 0.000 27.000 1.898 255 255 255
30 0.000 27.000 2.030 255 255 255
31 0.000 27.000 2.166 255 255 255
32 0.000 27.000 2.305 255 255 255
33 0.000 27.000 2.449 255 255 255
34 0.000 27.000 2.596 255 255 255
35 0.000 27.000 2.748 255 255 255
36 0.000 27.000 2.903 255 255 255
37 0.000 27.000 3.062 255 255 255
38 0.000 27.000 3.224 255 255 255
39 0.000 27.000 3.390 255 255 255
40 0.000 27.000 3.560 255 255 255
41 0.000 27.000 3.733 255 255 255
42 0.000 27.000 3.909 255 255 255
43 0.000 27.000 4.090 255 255 255
44 0.000 27.000 4.273 255 255 255
45 0.000 27.000 4.460 255 255 255
46 0.000 27.000 4.650 255 255 255
47 0.000 27.000 4.844 255 255 255
48 0.000 27.000 5.040 255 255 255
49 0.000 27.000 5.240 255 255 255
50 0.000 27.000 5.443 255 255 255
51 0.000 27.000 5.649 255 255 255
52 0.000 27.000 5.859 255 255 255
53 0.000 27.000 6.071 255 255 255
54 0.000 27.000 6.286 255 255 255
55 0.000 27.000 6.504 255 255 255
56 0.000 27.000 6.725 255 255 255
57 0.000 27.000 6.949 255 255 255
58 0.000 27.000 7.175 255 255 255
59 0.000 27.000 7.405 255 255 255
60 0.000 27.000 7.637 255 255 255
61 0.000 27.000 7.871 255 255 255
62 0.000 27.000 8.109 255 255 255
63 0.000 27.000 8.349 255 255 255
64 0.000 27.000 8.591 255 255 255
65 0.000 27.000 8.836 255 255 255
66 0.000 27.000 9.083 255 255 255
67 0.000 27.000 9.333 255 255 255
68 0.000 27.000 9.585 255 255 255
69 0.000 27.000 9.839 255 255 255
70 0.000 27.000 10.096 255 255 255
71 0.000 27.000 10.355 255 255 255
72 0.000 27.000 10.616 255 255 255
73 0.000 27.000 10.879 255 255 255
74 0.000 27.000 11.144 255 255 255
75 0.000 27.000 11.412 255 255 255
76 0.000 27.000 11.681 255 255 255
77 0.000 27.000 11.952 255 255 255
78 0.000 27.000 12.225 255 255 255
79 0.000 27.000 12.501 255 255 255
80 0.000 27.000 12.777 255 255 255
81 0.000 27.000 13.056 255 255 255
82 0.000 27.000 13.336 255 255 255
83 0.000 27.000 13.618 255 255 255
84 0.000 27.000 13.902 255 255 255
85 0.000 27.000 14.188 255 255 255
86 0.000 27.000 14.474 255 255 255
87 0.000 27.000 14.763 255 255 255
88 0.000 27.000 15.053 255 255 255
89 0.000 27.000 15.344 255 255 255
90 0.000 27.000 15.637 255 255 255
91 0.000 27.000 15.931 255 255 255
92 0.000 27.000 16.226 255 255 255
93 0.000 27.000 16.523 255 255 255
94 0.000 27.000 16.820 255 255 255
95 0.000 27.000 17.119 255 255 255
96 0.000 27.000 17.419 255 255 255
97 0.000 27.000 17.721 255 255 255
98 0.000 27.000 18.023 255 255 255
99 0.000 27.000 18.326 255 255 255
100 0.000 27.000 18.630 255 255 255
101 0.000 27.000 18.935 255 255 255
102 0.000 27.000 19.241 255 255 255
103 0.000 27.000 19.548 255 255 255
104 0.000 27.000 19.855 255 255 255
105 0.000 27.000 20.163 255 255 255
106 0.000 27.000 20.472 255 255 255
107 0.000 27.000 20.782 255 255 255
108 0.000 27.000 21.092 255 255 255
109 0.000 27.000 21.402 255 255 255
110 0.000 27.000 21.713 255 255 255
111 0.000 27.000 22.025 255 255 255
112 0.000 27.000 22.337 255 255 255
113 0.000 27.000 22.650 255 255 255
114 0.000 27.000 22.962 255 255 255
115 0.000 27.000 23.275 255 255 255
116 0.000 27.000 23.589 255 255 255
117 0.000 27.000 23.902 255 255 255
118 0.000 27.000 24.216 255 255 255
119 0.000 27.000 24.529 255 255 255
120 0.000 27.000 24.843 255 255 255
121 0.000 27.000 25.157 255 255 255
122 0.000 27.000 25.471 255 255 255
123 0.000 27.000 25.784 255 255 255
124 0.000 27.000 26.098 255 255 255
125 0.000 27.000 26.411 255 255 255
126 0.000 27.000 26.725 255 255 255
127 0.000 27.000 27.038 255 255 255
128 0.000 27.000 27.350 255 255 255
129 0.000 27.000 27.663 255 255 255
130 0.000 27.000 27.975 255 255 255
131 0.000 27.000 28.286 255 255 255
132 0.000 27.000 28.598 255 255 255
133 0.000 27.000 28.908 255 255 255
134 0.000 27.000 29.218 255 255 255
135 0.000 27.000 29.528 255 255 255
136 0.000 27.000 29.837 255 255 255
137 0.000 27.000 30.145 255 255 255
138 0.000 27.000 30.452 255 255 255
139 0.000 27.000 30.759 255 255 255
140 0.000 27.000 31.065 255 255 255
141 0.000 27.000 31.370 255 255 255
142 0.000 27.000 31.674 255 255 255
143 0.000 27.000 31.977 255 255 255
144 0.000 27.000 32.279 255 255 255
145 0.000 27.000 32.581 255 255 255
146 0.000 27.000 32.881 255 255 255
147 0.000 27.000 33.180 255 255 255
148 0.000 27.000 33.477 255 255 255
149 0.000 27.000 33.774 255 255 255
150 0.000 27.000 34.069 255 255 255
151 0.000 27.000 34.363 255 255 255
152 0.000 27.000 34.656 255 255 255
153 0.000 27.000 34.947 255 255 255
154 0.000 27.000 35.237 255 255 255
155 0.000 27.000 35.526 255 255 255
156 0.000 27.000 35.812 255 255 255
157 0.000 27.000 36.098 255 255 255
158 0.000 27.000 36.382 255 255 255
159 0.000 27.000 36.664 255 255 255
160 0.000 27.000 36.944 255 255 255
161 0.000 27.000 37.223 255 255 255
162 0.000 27.000 37.499 255 255 255
163 0.000 27.000 37.775 255 255 255
164 0.000 27.000 38.048 255 255 255
165 0.000 27.000 38.319 255 255 255
166 0.000 27.000 38.588 255 255 255
167 0.000 27.000 38.856 255 255 255
168 0.000 27.000 39.121 255 255 255
169 0.000 27.000 39.384 255 255 255
170 0.000 27.000 39.645 255 255 255
171 0.000 27.000 39.904 255 255 255
172 0.000 27.000 40.161 255 255 255
173 0.000 27.000 40.415 255 255 255
174 0.000 27.000 40.667 255 255 255
175 0.000 27.000 40.917 255 255 255
176 0.000 27.000 41.164 255 255 255
177 0.000 27.000 41.409 255 255 255
178 0.000 27.000 41.651 255 255 255
179 0.000 27.000 41.891 255 255 255
180 0.000 27.000 42.129 255 255 255
181 0.000 27.000 42.363 255 255 255
182 0.000 27.000 42.595 255 255 255
183 0.000 27.000 42.825 255 255 255
184 0.000 27.000 43.051 255 255 255
185 0.000 27.000 43.275 255 255 255
186 0.000 27.000 43.496 255 255 255
187 0.000 27.000 43.714 255 255 255
188 0.000 27.000 43.929 255 255 255
189 0.000 27.000 44.141 255 255 255
190 0.000 27.000 44.351 255 255 255
191 0.000 27.000 44.557 255 255 255
192 0.000 27.000 44.760 255 255 255
193 0.000 27.000 44.960 255 255 255
194 0.000 27.000 45.156 255 255 255
195 0.000 27.000 45.350 255 255 255
196 0.000 27.000 45.540 255 255 255
197 0.000 27.000 45.727 255 255 255
198 0.000 27.000 45.910 255 255 255
199 0.000 27.000 46.091 255 255 255
200 0.000 27.000 46.267 255 255 255
201 0.000 27.000 46.440 255 255 255
202 0.000 27.000 46.610 255 255 255
203 0.000 27.000 46.776 255 255 255
204 0.000 27.000 46.938 255 255 255
205 0.000 27.000 47.097 255 255 255
206 0.000 27.000 47.252 255 255 255
207 0.000 27.000 47.404 255 255 255
208 0.000 27.000 47.551 255 255 255
209 0.000 27.000 47.695 255 255 255
210 0.000 27.000 47.834 255 255 255
211 0.000 27.000 47.970 255 255 255
212 0.000 27.000 48.102 255 255 255
213 0.000 27.000 48.230 255 255 255
214 0.000 27.000 48.354 255 255 255
215 0.000 27.000 48.473 255 255 255
216 0.000 27.000 48.589 255 255 255
217 0.000 27.000 48.700 255 255 255
218 0.000 27.000 48.807 255 255 255
219 0.000 27.000 48.910 255 255 255
220 0.000 27.000 49.008 255 255 255
221 0.000 27.000 49.102 255 255 255
222 0.000 27.000 49.192 255 255 255
223 0.000 27.000 49.277 255 255 255
224 0.000 27.000 49.358 255 255 255
225 0.000 27.000 49.434 255 255 255
226 0.000 27.000 49.505 255 255 255
227 0.000 27.000 49.572 255 255 255
228 0.000 27.000 49.635 255 255 255
229 0.000 27.000 49.692 255 255 255
230 0.000 27.000 49.745 255 255 255
231 0.000 27.000 49.793 255 255 255
232 0.000 27.000 49.836 255 255 255
233 0.000 27.000 49.874 255 255 255
234 0.000 27.000 49.907 255 255 255
235 0.000 27.000 49.935 255 255 255
236 0.000 27.000 49.958 255 255 255
237 0.000 27.000 49.977 255 255 255
238 0.000 27.000 49.990 255 255 255
239 0.000 27.000 49.997 255 255 255
240 0.000 27.000 50.000 255 255 255
241 0.000 27.000 50.000 255 255 255
242 0.000 27.000 50.000 255 255 255
243 0.000 27.000 50.000 255 255 255
244 0.000 27.000 50.000 255 255 255
245 0.000 27.000 50.000 255 255 255
246 0.000 27.000 50.000 255 255 255
247 0.000 27.000 50.000 255 255 255
248 0.000 27.000 50.000 255 255 255
249 0.000 27.000 50.000 255 255 255
250 0.000 27.000 50.000 255 255 255
251 0.000 27.000 50.000 255 255 255
252 0.000 27.000 50.000 255 255 255
253 0.000 27.000 50.000 255 255 255
254 0.000 27.000 50.000 255 255 255
255 0.000 27.000 50.000 255 255 255
256 0.000 27.000 50.000 255 255 255
257 0.000 27.000 50.000 255 255 255
258 0.000 27.000 50.000 255 255 255
259 0.000 27.000 50.000 255 255 255
260 0.000 27.000 50.000 255 255 255
261 0.000 27.000 50.000 255 255 255
262 0.000 27.000 50.000 255 255 255
263 0.000 27.000 50.000 255 255 255
264 0.000 27.000 50.000 255 255 255
265 0.000 27.000 50.000 255 255 255
266 0.000 27.000 50.000 255 255 255
267 0.000 27.000 50.000 255 255 255
268 0.000 27.000 50.000 255 255 255
269 0.000 27.000 50.000 255 255 255
270 0.000 27.000 50.000 255 255 255
271 0.000 27.000 50.000 255 255 255
272 0.000 27.000 50.000 255 255 255
273 0.000 27.000 50.000 255 255 255
274 0.000 27.000 50.000 255 255 255
275 0.000 27.000 50.000 255 255 255
276 0.000 27.000 50.000 255 255 255
277 0.000 27.000 50.000 255 255 255
278 0.000 27.000 50.000 255 255 255
279 0.000 27.000 50.000 255 255 255
280 0.000 27.000 50.000 255 255 255
281 0.000 27.000 50.000 255 255 255
282 0.000 27.000 50.000 255 255 255
283 0.000 27.000 50.000 255 255 255
284 0.000 27.000 50.000 255 255 255
285 0.000 27.000 50.000 255 255 255
286 0.000 27.000 50.000 255 255 255
287 0.000 27.000 50.000 255 255 255
288 0.000 27.000 50.000 255 255 255
289 0.000 27.000 50.000 255 255 255
290 0.000 27.000 50.000 255 255 255
291 0.000 27.000 50.000 255 255 255
292 0.000 27.000 50.000 255 255 255
293 0.000 27.000 50.000 255 255 255
294 0.000 27.000 50.000 255 255 255
295 0.000 27.000 50.000 255 255 255
296 0.000 27.000 50.000 255 255 255
297 0.000 27.000 50.000 255 255 255
298 0.000 27.000 50.000 255 255 255
299 0.000 27.000 50.000 255 255 255
300 0.000 27.000 50.000 255 255 255
301 0.000 27.000 50.000 255 255 255
302 0.000 27.000 50.000 255 255 255
303 0.000 27.000 50.000 255 255 255
304 0.000 27.000 50.000 255 255 255
305 0.000 27.000 50.000 255 255 255
306 0.000 27.000 50.000 255 255 255
307 0.000 27.000 50.000 255 255 255
308 0.000 27.000 50.000 255 255 255
309 0.000 27.000 50.000 255 255 255
310 0.000 27.000 50.000 255 255 255
311 0.000 27.000 50.000 255 255 255
312 0.000 27.000 50.000 255 255 255
313 0.002 26.999 49.998 255 255 255
314 0.007 26.996 49.993 255 255 255
315 0.017 26.992 49.983 255 255 255
316 0.030 26.986 49.970 255 255 255
317 0.046 26.978 49.954 255 255 255
318 0.066 26.969 49.934 255 255 255
319 0.089 26.958 49.911 255 255 255
320 0.116 26.945 49.884 255 255 255
321 0.146 26.931 49.854 255 255 255
322 0.179 26.915 49.821 255 255 255
323 0.215 26.898 49.785 255 255 255
324 0.255 26.879 49.745 255 255 255
325 0.297 26.859 49.703 255 255 255
326 0.343 26.837 49.657 255 255 255
327 0.391 26.814 49.609 255 255 255
328 0.442 26.790 49.558 255 255 255
329 0.496 26.764 49.504 255 255 255
330 0.553 26.737 49.447 255 255 255
331 0.612 26.709 49.388 255 255 255
332 0.674 26.680 49.326 255 255 255
333 0.738 26.649 49.262 255 255 255
334 0.805 26.617 49.195 255 255 255
335 0.874 26.584 49.126 255 255 255
336 0.946 26.550 49.054 255 255 255
337 1.020 26.515 48.980 255 255 255
338 1.096 26.479 48.904 255 255 255
339 1.174 26.442 48.826 255 255 255
340 1.255 26.403 48.745 255 255 255
341 1.337 26.364 48.663 255 255 255
342 1.421 26.324 48.579 255 255 255
343 1.507 26.283 48.493 255 255 255
344 1.596 26.241 48.404 255 255 255
345 1.685 26.199 48.315 255 255 255
346 1.777 26.155 48.223 255 255 255
347 1.870 26.111 48.130 255 255 255
348 1.965 26.066 48.035 255 255 255
349 2.061 26.020 47.939 255 255 255
350 2.159 25.973 47.841 255 255 255
351 2.258 25.926 47.742 255 255 255
352 2.358 25.878 47.642 255 255 255
353 2.460 25.830 47.540 255 255 255
354 2.563 25.781 47.437 255 255 255
355 2.667 25.732 47.333 255 255 255
356 2.772 25.682 47.228 255 255 255
357 2.878 25.631 47.122 255 255 255
358 2.985 25.580 47.015 255 255 255
359 3.093 25.529 46.907 255 255 255
360 3.202 25.477 46.798 255 255 255
361 3.311 25.425 46.689 255 255 255
362 3.422 25.373 46.578 255 255 255
363 3.532 25.320 46.468 255 255 255
364 3.644 25.267 46.356 255 255 255
365 3.756 25.214 46.244 255 255 255
366 3.868 25.160 46.132 255 255 255
367 3.981 25.107 46.019 255 255 255
368 4.094 25.053 45.906 255 255 255
369 4.207 24.999 45.793 255 255 255
370 4.321 24.945 45.679 255 255 255
371 4.434 24.891 45.566 255 255 255
372 4.548 24.837 45.452 255 255 255
373 4.662 24.783 45.338 255 255 255
374 4.775 24.729 45.225 255 255 255
375 4.889 24.675 45.111 255 255 255
376 5.002 24.621 44.998 255 255 255
377 5.115 24.567 44.885 255 255 255
378 5.228 24.514 44.772 255 255 255
379 5.340 24.460 44.660 255 255 255
380 5.452 24.407 44.548 255 255 255
381 5.564 24.354 44.436 255 255 255
382 5.675 24.301 44.325 255 255 255
383 5.785 24.249 44.215 255 255 255
384 5.894 24.197 44.106 255 255 255
385 6.003 24.145 43.997 255 255 255
386 6.111 24.094 43.889 255 255 255
387 6.218 24.043 43.782 255 255 255
388 6.324 23.992 43.676 255 255 255
389 6.429 23.942 43.571 255 255 255
390 6.533 23.893 43.467 255 255 255
391 6.636 23.844 43.364 255 255 255
392 6.738 23.796 43.262 255 255 255
393 6.838 23.748 43.162 255 255 255
394 6.937 23.701 43.063 255 255 255
395 7.035 23.654 42.965 255 255 255
396 7.131 23.609 42.869 255 255 255
397 7.226 23.564 42.774 255 255 255
398 7.319 23.519 42.681 255 255 255
399 7.411 23.476 42.589 255 255 255
400 7.501 23.433 42.499 255 255 255
401 7.589 23.391 42.411 255 255 255
402 7.675 23.350 42.325 255 255 255
403 7.759 23.310 42.241 255 255 255
404 7.841 23.271 42.159 255 255 255
405 7.922 23.233 42.078 255 255 255
406 8.000 23.195 42.000 255 255 255
407 8.076 23.159 41.924 255 255 255
408 8.150 23.124 41.850 255 255 255
409 8.222 23.090 41.778 255 255 255
410 8.291 23.057 41.709 255 255 255
411 8.358 23.025 41.642 255 255 255
412 8.422 22.995 41.578 255 255 255
413 8.484 22.965 41.516 255 255 255
414 8.543 22.937 41.457 255 255 255
415 8.600 22.910 41.400 255 255 255
416 8.654 22.884 41.346 255 255 255
417 8.705 22.860 41.295 255 255 255
418 8.754 22.837 41.246 255 255 255
419 8.799 22.816 41.201 255 255 255
420 8.841 22.795 41.159 255 255 255
421 8.881 22.777 41.119 255 255 255
422 8.917 22.759 41.083 255 255 255
423 8.950 22.744 41.050 255 255 255
424 8.980 22.729 41.020 255 255 255
425 9.007 22.717 40.993 255 255 255
426 9.030 22.706 40.970 255 255 255
427 9.050 22.696 40.950 255 255 255
428 9.066 22.688 40.934 255 255 255
429 9.079 22.682 40.921 255 255 255
430 9.089 22.678 40.911 255 255 255
431 9.094 22.675 40.906 255 255 255
432 9.096 22.674 40.904 255 255 255
433 9.094 22.677 40.904 255 255 255
434 9.087 22.683 40.904 255 255 255
435 9.075 22.695 40.904 255 255 255
436 9.059 22.711 40.904 255 255 255
437 9.039 22.731 40.904 255 255 255
438 9.014 22.756 40.904 255 255 255
439 8.984 22.785 40.904 255 255 255
440 8.950 22.818 40.904 255 255 255
441 8.912 22.855 40.904 255 255 255
442 8.869 22.896 40.904 255 255 255
443 8.821 22.941 40.904 255 255 255
444 8.770 22.989 40.904 255 255 255
445 8.713 23.042 40.904 255 255 255
446 8.652 23.097 40.904 255 255 255
447 8.587 23.156 40.904 255 255 255
448 8.517 23.219 40.904 255 255 255
449 8.442 23.284 40.904 255 255 255
450 8.363 23.352 40.904 255 255 255
451 8.279 23.424 40.904 255 255 255
452 8.191 23.497 40.904 255 255 255
453 8.097 23.574 40.904 255 255 255
454 7.999 23.652 40.904 255 255 255
455 7.897 23.733 40.904 255 255 255
456 7.789 23.816 40.904 255 255 255
457 7.677 23.900 40.904 255 255 255
458 7.560 23.986 40.904 255 255 255
459 7.438 24.074 40.904 255 255 255
460 7.311 24.163 40.904 255 255 255
461 7.179 24.253 40.904 255 255 255
462 7.042 24.343 40.904 255 255 255
463 6.900 24.435 40.904 255 255 255
464 6.753 24.527 40.904 255 255 255
465 6.601 24.619 40.904 255 255 255
466 6.445 24.711 40.904 255 255 255
467 6.283 24.803 40.904 255 255 255
468 6.116 24.895 40.904 255 255 255
469 5.944 24.986 40.904 255 255 255
470 5.768 25.076 40.904 255 255 255
471 5.586 25.166 40.904 255 255 255
472 5.399 25.254 40.904 255 255 255
473 5.208 25.341 40.904 255 255 255
474 5.011 25.426 40.904 255 255 255
475 4.810 25.509 40.904 255 255 255
476 4.604 25.590 40.904 255 255 255
477 4.394 25.668 40.904 255 255 255
478 4.178 25.744 40.904 255 255 255
479 3.959 25.818 40.904 255 255 255
480 3.734 25.888 40.904 255 255 255
481 3.505 25.955 40.904 255 255 255
482 3.272 26.019 40.904 255 255 255
483 3.035 26.079 40.904 255 255 255
484 2.794 26.135 40.904 255 255 255
485 2.548 26.187 40.904 255 255 255
486 2.299 26.235 40.904 255 255 255
487 2.046 26.278 40.904 255 255 255
488 1.789 26.317 40.904 255 255 255
489 1.529 26.351 40.904 255 255 255
490 1.266 26.380 40.904 255 255 255
491 0.999 26.403 40.904 255 255 255
492 0.730 26.421 40.904 255 255 255
493 0.457 26.434 40.904 255 255 255
494 0.183 26.441 40.904 255 255 255
495 -0.095 26.442 40.904 255 255 255
496 -0.374 26.436 40.904 255 255 255
497 -0.656 26.425 40.904 255 255 255
498 -0.939 26.408 40.904 255 255 255
499 -1.224 26.384 40.904 255 255 255
500 -1.510 26.353 40.904 255 255 255
501 -1.797 26.316 40.904 255 255 255
502 -2.086 26.272 40.904 255 255 255
503 -2.375 26.221 40.904 255 255 255
504 -2.664 26.163 40.904 255 255 255
505 -2.954 26.098 40.904 255 255 255
506 -3.243 26.026 40.904 255 255 255
507 -3.533 25.947 40.904 255 255 255
508 -3.821 25.861 40.904 255 255 255
509 -4.109 25.768 40.904 255 255 255
510 -4.396 25.667 40.904 255 255 255
511 -4.682 25.560 40.904 255 255 255
512 -4.966 25.445 40.904 255 255 255
513 -5.248 25.323 40.904 255 255 255
514 -5.528 25.193 40.904 255 255 255
515 -5.806 25.057 40.904 255 255 255
516 -6.081 24.914 40.904 255 255 255
517 -6.354 24.763 40.904 255 255 255
518 -6.623 24.606 40.904 255 255 255
519 -6.889 24.442 40.904 255 255 255
520 -7.152 24.271 40.904 255 255 255
521 -7.410 24.093 40.904 255 255 255
522 -7.665 23.909 40.904 255 255 255
523 -7.915 23.718 40.904 255 255 255
524 -8.161 23.522 40.904 255 255 255
525 -8.403 23.319 40.904 255 255 255
526 -8.639 23.110 40.904 255 255 255
527 -8.870 22.895 40.904 255 255 255
528 -9.096 22.674 40.904 255 255 255
529 -9.317 22.448 40.904 255 255 255
530 -9.531 22.217 40.904 255 255 255
531 -9.740 21.981 40.904 255 255 255
532 -9.943 21.739 40.904 255 255 255
533 -10.140 21.493 40.904 255 255 255
534 -10.331 21.243 40.904 255 255 255
535 -10.515 20.988 40.904 255 255 255
536 -10.693 20.730 40.904 255 255 255
537 -10.864 20.467 40.904 255 255 255
538 -11.028 20.201 40.904 255 255 255
539 -11.185 19.932 40.904 255 255 255
540 -11.336 19.659 40.904 255 255 255
541 -11.479 19.384 40.904 255 255 255
542 -11.615 19.106 40.904 255 255 255
543 -11.745 18.826 40.904 255 255 255
544 -11.867 18.544 40.904 255 255 255
545 -11.982 18.260 40.904 255 255 255
546 -12.089 17.974 40.904 255 255 255
547 -12.190 17.688 40.904 255 255 255
548 -12.283 17.400 40.904 255 255 255
549 -12.369 17.111 40.904 255 255 255
550 -12.448 16.822 40.904 255 255 255
551 -12.520 16.532 40.904 255 255 255
552 -12.585 16.242 40.904 255 255 255
553 -12.643 15.953 40.904 255 255 255
554 -12.694 15.664 40.904 255 255 255
555 -12.738 15.376 40.904 255 255 255
556 -12.775 15.088 40.904 255 255 255
557 -12.805 14.802 40.904 255 255 255
558 -12.829 14.517 40.904 255 255 255
559 -12.847 14.234 40.904 255 255 255
560 -12.858 13.952 40.904 255 255 255
561 -12.863 13.673 40.904 255 255 255
562 -12.863 13.396 40.904 255 255 255
563 -12.856 13.121 40.904 255 255 255
564 -12.843 12.848 40.904 255 255 255
565 -12.825 12.579 40.904 255 255 255
566 -12.801 12.312 40.904 255 255 255
567 -12.773 12.049 40.904 255 255 255
568 -12.739 11.789 40.904 255 255 255
569 -12.700 11.532 40.904 255 255 255
570 -12.657 11.279 40.904 255 255 255
571 -12.609 11.030 40.904 255 255 255
572 -12.557 10.785 40.904 255 255 255
573 -12.501 10.543 40.904 255 255 255
574 -12.441 10.306 40.904 255 255 255
575 -12.377 10.073 40.904 255 255 255
576 -12.310 9.844 40.904 255 255 255
577 -12.240 9.620 40.904 255 255 255
578 -12.166 9.400 40.904 255 255 255
579 -12.090 9.184 40.904 255 255 255
580 -12.012 8.974 40.904 255 255 255
581 -11.931 8.768 40.904 255 255 255
582 -11.847 8.567 40.904 255 255 255
583 -11.762 8.370 40.904 255 255 255
584 -11.676 8.179 40.904 255 255 255
585 -11.588 7.992 40.904 255 255 255
586 -11.498 7.810 40.904 255 255 255
587 -11.408 7.634 40.904 255 255 255
588 -11.317 7.462 40.904 255 255 255
589 -11.225 7.295 40.904 255 255 255
590 -11.133 7.133 40.904 255 255 255
591 -11.041 6.977 40.904 255 255 255
592 -10.949 6.825 40.904 255 255 255
593 -10.857 6.678 40.904 255 255 255
594 -10.765 6.536 40.904 255 255 255
595 -10.674 6.399 40.904 255 255 255
596 -10.585 6.268 40.904 255 255 255
597 -10.496 6.141 40.904 255 255 255
598 -10.408 6.018 40.904 255 255 255
599 -10.322 5.901 40.904 255 255 255
600 -10.237 5.789 40.904 255 255 255
601 -10.155 5.681 40.904 255 255 255
602 -10.074 5.579 40.904 255 255 255
603 -9.995 5.481 40.904 255 255 255
604 -9.919 5.388 40.904 255 255 255
605 -9.845 5.299 40.904 255 255 255
606 -9.774 5.215 40.904 255 255 255
607 -9.706 5.136 40.904 255 255 255
608 -9.641 5.061 40.904 255 255 255
609 -9.578 4.991 40.904 255 255 255
610 -9.519 4.926 40.904 255 255 255
611 -9.464 4.865 40.904 255 255 255
612 -9.411 4.809 40.904 255 255 255
613 -9.363 4.757 40.904 255 255 255
614 -9.318 4.709 40.904 255 255 255
615 -9.277 4.666 40.904 255 255 255
616 -9.240 4.628 40.904 255 255 255
617 -9.207 4.594 40.904 255 255 255
618 -9.178 4.564 40.904 255 255 255
619 -9.153 4.539 40.904 255 255 255
620 -9.133 4.519 40.904 255 255 255
621 -9.117 4.503 40.904 255 255 255
622 -9.105 4.491 40.904 255 255 255
623 -9.098 4.484 40.904 255 255 255
624 -9.096 4.482 40.904 255 255 255
625 -9.096 4.482 40.904 255 255 255
626 -9.096 4.482 40.904 255 255 255
627 -9.096 4.482 40.904 255 255 255
628 -9.096 4.482 40.904 255 255 255
629 -9.096 4.482 40.904 255 255 255
630 -9.096 4.482 40.904 255 255 255
631 -9.096 4.482 40.904 255 255 255
632 -9.096 4.482 40.904 255 255 255
633 -9.096 4.482 40.904 255 255 255
634 -9.096 4.482 40.904 255 255 255
635 -9.096 4.482 40.904 255 255 255
636 -9.096 4.482 40.904 255 255 255
637 -9.096 4.482 40.904 255 255 255
638 -9.096 4.482 40.904 255 255 255
639 -9.096 4.482 40.904 255 255 255
640 -9.096 4.482 40.904 255 255 255
641 -9.096 4.482 40.904 255 255 255
642 -9.096 4.482 40.904 255 255 255
643 -9.096 4.482 40.904 255 255 255
644 -9.096 4.482 40.904 255 255 255
645 -9.096 4.482 40.904 255 255 255
646 -9.096 4.482 40.904 255 255 255
647 -9.096 4.482 40.904 255 255 255
648 -9.096 4.482 40.904 255 255 255
649 -9.096 4.482 40.904 255 255 255
650 -9.096 4.482 40.904 255 255 255
651 -9.096 4.482 40.904 255 255 255
652 -9.096 4.482 40.904 255 255 255
653 -9.096 4.482 40.904 255 255 255
654 -9.096 4.482 40.904 255 255 255
655 -9.096 4.482 40.904 255 255 255
656 -9.096 4.482 40.904 255 255 255
657 -9.096 4.482 40.904 255 255 255
658 -9.096 4.482 40.904 255 255 255
659 -9.096 4.482 40.904 255 255 255
660 -9.096 4.482 40.904 255 255 255
661 -9.096 4.482 40.904 255 255 255
662 -9.096 4.482 40.904 255 255 255
663 -9.096 4.482 40.904 255 255 255
664 -9.096 4.482 40.904 255 255 255
665 -9.096 4.482 40.904 255 255 255
666 -9.096 4.482 40.904 255 255 255
667 -9.096 4.482 40.904 255 255 255
668 -9.096 4.482 40.904 255 255 255
669 -9.096 4.482 40.904 255 255 255
670 -9.096 4.482 40.904 255 255 255
671 -9.096 4.482 40.904 255 255 255
672 -9.096 4.482 40.904 255 255 255
673 -9.096 4.482 40.904 255 255 255
674 -9.096 4.482 40.904 255 255 255
675 -9.096 4.482 40.904 255 255 255
676 -9.096 4.482 40.904 255 255 255
677 -9.096 4.482 40.904 255 255 255
678 -9.096 4.482 40.904 255 255 255
679 -9.096 4.482 40.904 255 255 255
680 -9.096 4.482 40.904 255 255 255
681 -9.096 4.482 40.904 255 255 255
682 -9.096 4.482 40.904 255 255 255
683 -9.096 4.482 40.904 255 255 255
684 -9.096 4.482 40.904 255 255 255
685 -9.096 4.482 40.904 255 255 255
686 -9.096 4.482 40.904 255 255 255
687 -9.096 4.482 40.904 255 255 255
688 -9.096 4.482 40.904 255 255 255
689 -9.096 4.482 40.904 255 255 255
690 -9.096 4.482 40.904 255 255 255
691 -9.096 4.482 40.904 255 255 255
692 -9.096 4.482 40.904 255 255 255
693 -9.096 4.482 40.904 255 255 255
694 -9.096 4.482 40.904 255 255 255
695 -9.096 4.482 40.904 255 255 255
696 -9.096 4.482 40.904 255 255 255
697 -9.096 4.482 40.904 255 255 255
698 -9.096 4.482 40.904 255 255 255
699 -9.096 4.482 40.904 255 255 255
700 -9.096 4.482 40.904 255 255 255
701 -9.096 4.482 40.904 255 255 255
702 -9.096 4.482 40.904 255 255 255
703 -9.096 4.482 40.904 255 255 255
704 -9.096 4.482 40.904 255 255 255
705 -9.096 4.482 40.904 255 255 255
706 -9.096 4.482 40.904 255 255 255
707 -9.096 4.482 40.904 255 255 255
708 -9.096 4.482 40.904 255 255 255
709 -9.096 4.482 40.904 255 255 255
710 -9.096 4.482 40.904 255 255 255
711 -9.096 4.482 40.904 255 255 255
712 -9.096 4.482 40.904 255 255 255
713 -9.096 4.482 40.904 255 255 255
714 -9.096 4.482 40.904 255 255 255
715 -9.096 4.482 40.904 255 255 255
716 -9.096 4.482 40.904 255 255 255
717 -9.096 4.482 40.904 255 255 255
718 -9.096 4.482 40.904 255 255 255
719 -9.096 4.482 40.904 255 255 255
720 -9.096 4.482 40.904 255 255 255
721 -9.096 4.482 40.904 255 255 255
722 -9.096 4.482 40.904 255 255 255
723 -9.096 4.482 40.904 255 255 255
724 -9.096 4.482 40.904 255 255 255
725 -9.096 4.482 40.904 255 255 255
726 -9.096 4.482 40.904 255 255 255
727 -9.096 4.482 40.904 255 255 255
728 -9.096 4.482 40.904 255 255 255
729 -9.096 4.482 40.904 255 255 255
730 -9.096 4.482 40.904 255 255 255
731 -9.096 4.482 40.904 255 255 255
732 -9.096 4.482 40.904 255 255 255
733 -9.096 4.482 40.904 255 255 255
734 -9.096 4.482 40.904 255 255 255
735 -9.096 4.482 40.904 255 255 255
736 -9.096 4.482 40.904 255 255 255
737 -9.096 4.482 40.904 255 255 255
738 -9.096 4.482 40.904 255 255 255
739 -9.096 4.482 40.904 255 255 255
740 -9.096 4.482 40.904 255 255 255
741 -9.096 4.482 40.904 255 255 255
742 -9.096 4.482 40.904 255 255 255
743 -9.096 4.482 40.904 255 255 255
744 -9.096 4.482 40.904 255 255 255
745 -9.096 4.482 40.904 255 255 255
746 -9.096 4.482 40.904 255 255 255
747 -9.096 4.482 40.904 255 255 255
748 -9.096 4.482 40.904 255 255 255
749 -9.096 4.482 40.904 255 255 255
750 -9.096 4.482 40.904 255 255 255
751 -9.096 4.482 40.904 255 255 255
752 -9.096 4.482 40.904 255 255 255
753 -9.096 4.482 40.904 255 255 255
754 -9.096 4.482 40.904 255 255 255
755 -9.096 4.482 40.904 255 255 255
756 -9.096 4.482 40.904 255 255 255
757 -9.096 4.482 40.904 255 255 255
758 -9.096 4.482 40.904 255 255 255
759 -9.096 4.482 40.904 255 255 255
760 -9.096 4.482 40.904 255 255 255
761 -9.096 4.482 40.904 255 255 255
762 -9.096 4.482 40.904 255 255 255
763 -9.096 4.482 40.904 255 255 255
764 -9.096 4.482 40.904 255 255 255
765 -9.096 4.482 40.904 255 255 255
766 -9.096 4.482 40.904 255 255 255
767 -9.096 4.482 40.904 255 255 255
768 -9.096 4.482 40.904 255 255 255
769 -9.096 4.482 40.904 255 255 255
770 -9.096 4.482 40.904 255 255 255
771 -9.096 4.482 40.904 255 255 255
772 -9.096 4.482 40.904 255 255 255
773 -9.096 4.482 40.904 255 255 255
774 -9.096 4.482 40.904 255 255 255
775 -9.096 4.482 40.904 255 255 255
776 -9.096 4.482 40.904 255 255 255
777 -9.096 4.482 40.904 255 255 255
778 -9.096 4.482 40.904 255 255 255
779 -9.096 4.482 40.904 255 255 255
780 -9.096 4.482 40.904 255 255 255
781 -9.096 4.482 40.904 255 255 255
782 -9.096 4.482 40.904 255 255 255
783 -9.096 4.482 40.904 255 255 255
784 -9.096 4.482 40.904 255 255 255
785 -9.096 4.482 40.904 255 255 255
786 -9.096 4.482 40.904 255 255 255
787 -9.096 4.482 40.904 255 255 255
788 -9.096 4.482 40.904 255 255 255
789 -9.096 4.482 40.904 255 255 255
790 -9.096 4.482 40.904 255 255 255
791 -9.096 4.482 40.904 255 255 255
792 -9.096 4.482 40.904 255 255 255
793 -9.096 4.482 40.904 255 255 255
794 -9.096 4.482 40.904 255 255 255
795 -9.096 4.482 40.904 255 255 255
796 -9.096 4.482 40.904 255 255 255
797 -9.096 4.482 40.904 255 255 255
798 -9.096 4.482 40.904 255 255 255
799 -9.096 4.482 40.904 255 255 255
800 -9.096 4.482 40.904 255 255 255
801 -9.096 4.482 40.904 255 255 255
802 -9.096 4.482 40.904 255 255 255
803 -9.096 4.482 40.904 255 255 255
804 -9.096 4.482 40.904 255 255 255
805 -9.096 4.482 40.904 255 255 255
806 -9.096 4.482 40.904 255 255 255
807 -9.096 4.482 40.904 255 255 255
808 -9.096 4.482 40.904 255 255 255
809 -9.096 4.482 40.904 255 255 255
810 -9.096 4.482 40.904 255 255 255
811 -9.096 4.482 40.904 255 255 255
812 -9.096 4.482 40.904 255 255 255
813 -9.096 4.482 40.904 255 255 255
814 -9.096 4.482 40.904 255 255 255
815 -9.096 4.482 40.904 255 255 255
816 -9.096 4.482 40.904 255 255 255
817 -9.096 4.482 40.904 255 255 255
818 -9.096 4.482 40.904 255 255 255
819 -9.096 4.482 40.904 255 255 255
820 -9.096 4.482 40.904 255 255 255
821 -9.096 4.482 40.904 255 255 255
822 -9.096 4.482 40.904 255 255 255
823 -9.096 4.482 40.904 255 255 255
824 -9.096 4.482 40.904 255 255 255
825 -9.096 4.482 40.904 255 255 255
826 -9.096 4.482 40.904 255 255 255
827 -9.096 4.482 40.904 255 255 255
828 -9.096 4.482 40.904 255 255 255
829 -9.096 4.482 40.904 255 255 255
830 -9.096 4.482 40.904 255 255 255
831 -9.096 4.482 40.904 255 255 255
832 -9.096 4.482 40.904 255 255 255
833 -9.096 4.482 40.904 255 255 255
834 -9.096 4.482 40.904 255 255 255
835 -9.096 4.482 40.904 255 255 255
836 -9.096 4.482 40.904 255 255 255
837 -9.096 4.482 40.904 255 255 255
838 -9.096 4.482 40.904 255 255 255
839 -9.096 4.482 40.904 255 255 255
840 -9.096 4.482 40.904 255 255 255
841 -9.096 4.482 40.904 255 255 255
842 -9.096 4.482 40.904 255 255 255
843 -9.096 4.482 40.904 255 255 255
844 -9.096 4.482 40.904 255 255 255
845 -9.096 4.482 40.904 255 255 255
846 -9.096 4.482 40.904 255 255 255
847 -9.096 4.482 40.904 255 255 255
848 -9.096 4.482 40.904 255 255 255
849 -9.096 4.482 40.904 255 255 255
850 -9.096 4.482 40.904 255 255 255
851 -9.096 4.482 40.904 255 255 255
852 -9.096 4.482 40.904 255 255 255
853 -9.096 4.482 40.904 255 255 255
854 -9.096 4.482 40.904 255 255 255
855 -9.096 4.482 40.904 255 255 255
856 -9.096 4.482 40.904 255 255 255
857 -9.096 4.482 40.904 255 255 255
858 -9.096 4.482 40.904 255 255 255
859 -9.096 4.482 40.904 255 255 255
860 -9.096 4.482 40.904 255 255 255
861 -9.096 4.482 40.904 255 255 255
862 -9.096 4.482 40.904 255 255 255
863 -9.096 4.482 40.904 255 255 255
864 -9.096 4.482 40.904 255 255 255
865 -9.096 4.482 40.904 255 255 255
866 -9.096 4.482 40.904 255 255 255
867 -9.096 4.482 40.904 255 255 255
868 -9.096 4.482 40.904 255 255 255
869 -9.096 4.482 40.904 255 255 255
870 -9.096 4.482 40.904 255 255 255
871 -9.096 4.482 40.904 255 255 255
872 -9.096 4.482 40.904 255 255 255
873 -9.096 4.482 40.904 255 255 255
874 -9.096 4.482 40.904 255 255 255
875 -9.096 4.482 40.904 255 255 255
876 -9.096 4.482 40.904 255 255 255
877 -9.096 4.482 40.904 255 255 255
878 -9.096 4.482 40.904 255 255 255
879 -9.096 4.482 40.904 255 255 255
880 -9.096 4.482 40.904 255 255 255
881 -9.096 4.482 40.904 255 255 255
882 -9.096 4.482 40.904 255 255 255
883 -9.096 4.482 40.904 255 255 255
884 -9.096 4.482 40.904 255 255 255
885 -9.096 4.482 40.904 255 255 255
886 -9.096 4.482 40.904 255 255 255
887 -9.096 4.482 40.904 255 255 255
888 -9.096 4.482 40.904 255 255 255
889 -9.096 4.482 40.904 255 255 255
890 -9.096 4.482 40.904 255 255 255
891 -9.096 4.482 40.904 255 255 255
892 -9.096 4.482 40.904 255 255 255
893 -9.096 4.482 40.904 255 255 255
894 -9.096 4.482 40.904 255 255 255
895 -9.096 4.482 40.904 255 255 255
896 -9.096 4.482 40.904 255 255 255
897 -9.096 4.482 40.904 255 255 255
898 -9.096 4.482 40.904 255 255 255
899 -9.096 4.482 40.904 255 255 255
900 -9.096 4.482 40.904 255 255 255
901 -9.096 4.482 40.904 255 255 255
902 -9.096 4.482 40.904 255 255 255
903 -9.096 4.482 40.904 255 255 255
904 -9.096 4.482 40.904 255 255 255
905 -9.096 4.482 40.904 255 255 255
906 -9.096 4.482 40.904 255 255 255
907 -9.096 4.482 40.904 255 255 255
908 -9.096 4.482 40.904 255 255 255
909 -9.096 4.482 40.904 255 255 255
910 -9.096 4.482 40.904 255 255 255
911 -9.096 4.482 40.904 255 255 255
912 -9.096 4.482 40.904 255 255 255
913 -9.096 4.482 40.904 255 255 255
914 -9.096 4.482 40.904 255 255 255
915 -9.096 4.482 40.904 255 255 255
916 -9.096 4.482 40.904 255 255 255
917 -9.096 4.482 40.904 255 255 255
918 -9.096 4.482 40.904 255 255 255
919 -9.096 4.482 40.904 255 255 255
920 -9.096 4.482 40.904 255 255 255
921 -9.096 4.482 40.904 255 255 255
922 -9.096 4.482 40.904 255 255 255
923 -9.096 4.482 40.904 255 255 255
924 -9.096 4.482 40.904 255 255 255
925 -9.096 4.482 40.904 255 255 255
926 -9.096 4.482 40.904 255 255 255
927 -9.096 4.482 40.904 255 255 255
928 -9.096 4.482 40.904 255 255 255
929 -9.096 4.482 40.904 255 255 255
930 -9.096 4.482 40.904 255 255 255
931 -9.096 4.482 40.904 255 255 255
932 -9.096 4.482 40.904 255 255 255
933 -9.096 4.482 40.904 255 255 255
934 -9.096 4.482 40.904 255 255 255
935 -9.096 4.482 40.904 255 255 255
936 -9.096 4.482 40.904 255 255 255
937 -9.096 4.482 40.904 255 255 255
938 -9.096 4.482 40.904 255 255 255
939 -9.096 4.482 40.904 255 255 255
940 -9.096 4.482 40.904 255 255 255
941 -9.096 4.482 40.904 255 255 255
942 -9.096 4.482 40.904 255 255 255
943 -9.096 4.482 40.904 255 255 255
944 -9.096 4.482 40.904 255 255 255
945 -9.096 4.482 40.904 255 255 255
946 -9.096 4.482 40.904 255 255 255
947 -9.096 4.482 40.904 255 255 255
948 -9.096 4.482 40.904 255 255 255
949 -9.096 4.482 40.904 255 255 255
950 -9.096 4.482 40.904 255 255 255
951 -9.096 4.482 40.904 255 255 255
952 -9.096 4.482 40.904 255 255 255
953 -9.096 4.482 40.904 255 255 255
954 -9.096 4.482 40.904 255 255 255
955 -9.096 4.482 40.904 255 255 255
956 -9.096 4.482 40.904 255 255 255
957 -9.096 4.482 40.904 255 255 255
958 -9.096 4.482 40.904 255 255 255
959 -9.096 4.482 40.904 255 255 255
960 -9.096 4.482 40.904 255 255 255
961 -9.096 4.482 40.904 255 255 255
962 -9.096 4.482 40.904 255 255 255
963 -9.096 4.482 40.904 255 255 255
964 -9.096 4.482 40.904 255 255 255
965 -9.096 4.482 40.904 255 255 255
966 -9.096 4.482 40.904 255 255 255
967 -9.096 4.482 40.904 255 255 255
968 -9.096 4.482 40.904 255 255 255
969 -9.096 4.482 40.904 255 255 255
970 -9.096 4.482 40.904 255 255 255
971 -9.096 4.482 40.904 255 255 255
972 -9.096 4.482 40.904 255 255 255
973 -9.096 4.482 40.904 255 255 255
974 -9.096 4.482 40.904 255 255 255
975 -9.096 4.482 40.904 255 255 255
976 -9.096 4.482 40.904 255 255 255
977 -9.096 4.482 40.904 255 255 255
978 -9.096 4.482 40.904 255 255 255
979 -9.096 4.482 40.904 255 255 255
980 -9.096 4.482 40.904 255 255 255
981 -9.096 4.482 40.904 255 255 255
982 -9.096 4.482 40.904 255 255 255
983 -9.096 4.482 40.904 255 255 255
984 -9.096 4.482 40.904 255 255 255
985 -9.096 4.482 40.904 255 255 255
986 -9.096 4.482 40.904 255 255 255
987 -9.096 4.482 40.904 255 255 255
988 -9.096 4.482 40.904 255 255 255
989 -9.096 4.482 40.904 255 255 255
990 -9.096 4.482 40.904 255 255 255
991 -9.096 4.482 40.904 255 255 255
992 -9.096 4.482 40.904 255 255 255
993 -9.096 4.482 40.904 255 255 255
994 -9.096 4.482 40.904 255 255 255
995 -9.096 4.482 40.904 255 255 255
996 -9.096 4.482 40.904 255 255 255
997 -9.096 4.482 40.904 255 255 255
998 -9.096 4.482 40.904 255 255 255
999 -9.096 4.482 40.904 255 255 255
1000 -9.096 4.482 40.904 255 255 255
1001 -9.096 4.482 40.904 255 255 255
1002 -9.096 4.482 40.904 255 255 255
1003 -9.096 4.482 40.904 255 255 255
1004 -9.096 4.482 40.904 255 255 255
1005 -9.096 4.482 40.904 255 255 255
1006 -9.096 4.482 40.904 255 255 255
1007 -9.096 4.482 40.904 255 255 255
1008 -9.096 4.482 40.904 255 255 255
1009 -9.096 4.482 40.904 255 255 255
1010 -9.096 4.482 40.904 255 255 255
1011 -9.096 4.482 40.904 255 255 255
1012 -9.096 4.482 40.904 255 255 255
1013 -9.096 4.482 40.904 255 255 255
1014 -9.096 4.482 40.904 255 255 255
1015 -9.096 4.482 40.904 255 255 255
1016 -9.096 4.482 40.904 255 255 255
1017 -9.096 4.482 40.904 255 255 255
1018 -9.096 4.482 40.904 255 255 255
1019 -9.096 4.482 40.904 255 255 255
1020 -9.096 4.482 40.904 255 255 255
1021 -9.096 4.482 40.904 255 255 255
1022 -9.096 4.482 40.904 255 255 255
1023 -9.096 4.482 40.904 255 255 255
1024 -9.096 4.482 40.904 255 255 255
1025 -9.096 4.482 40.904 255 255 255