1 0.000 3.000 0.000 255 255 255
2 0.000 3.000 0.003 255 255 255
3 0.000 3.000 0.010 255 255 255
4 0.000 3.000 0.023 255 255 255
5 0.000 3.000 0.042 255 255 255
6 0.000 3.000 0.065 255 255 255
7 0.000 3.000 0.093 255 255 255
8 0.000 3.000 0.126 255 255 255
9 0.000 3.000 0.164 255 255 255
10 0.000 3.000 0.207 255 255 255
11 0.000 3.000 0.255 255 255 255
12 0.000 3.000 0.308 255 255 255
13 0.000 3.000 0.365 255 255 255
14 0.000 3.000 0.428 255 255 255
15 0.000 3.000 0.495 255 255 255
16 0.000 3.000 0.566 255 255 255
17 0.000 3.000 0.642 255 255 255
18 0.000 3.000 0.723 255 255 255
19 0.000 3.000 0.808 255 255 255
20 0.000 3.000 0.898 255 255 255
21 0.000 3.000 0.992 255 255 255
22 0.000 3.000 1.090 255 255 255
23 0.000 3.000 1.193 255 255 255
24 0.000 3.000 1.300 255 255 255
25 0.000 3.000 1.411 255 255 255
26 0.000 3.000 1.527 255 255 255
27 0.000 3.000 1.646 255 255 255
28 0.000 3.000 1.770 255 255 255
29 0.000 3.000 1.898 255 255 255
30 0.000 3.000 2.030 255 255 255
31 0.000 3.000 2.166 255 255 255
32 0.000 3.000 2.305 255 255 255
33 0.000 3.000 2.449 255 255 255
34 0.000 3.000 2.596 255 255 255
35 0.000 3.000 2.748 255 255 255
36 0.000 3.000 2.903 255 255 255
37 0.000 3.000 3.062 255 255 255
38 0.000 3.000 3.224 255 255 255
39 0.000 3.000 3.390 255 255 255
40 0.000 3.000 3.560 255 255 255
41 0.000 3.000 3.733 255 255 255
42 0.000 3.000 3.909 255 255 255
43 0.000 3.000 4.090 255 255 255
44 0.000 3.000 4.273 255 255 255
45 0.000 3.000 4.460 255 255 255
46 0.000 3.000 4.650 255 255 255
47 0.000 3.000 4.844 255 255 255
48 0.000 3.000 5.040 255 255 255
49 0.000 3.000 5.240 255 255 255
50 0.000 3.000 5.443 255 255 255
51 0.000 3.000 5.649 255 255 255
52 0.000 3.000 5.859 255 255 255
53 0.000 3.000 6.071 255 255 255
54 0.000 3.000 6.286 255 255 255
55 0.000 3.000 6.504 255 255 255
56 0.000 3.000 6.725 255 255 255
57 0.000 3.000 6.949 255 255 255
58 0.000 3.000 7.175 255 255 255
59 0.000 3.000 7.405 255 255 255
60 0.000 3.000 7.637 255 255 255
61 0.000 3.000 7.871 255 255 255
62 0.000 3.000 8.109 255 255 255
63 0.000 3.000 8.349 255 255 255
64 0.000 3.000 8.591 255 255 255
65 0.000 3.000 8.836 255 255 255
66 0.000 3.000 9.083 255 255 255
67 0.000 3.000 9.333 255 255 255
68 0.000 3.000 9.585 255 255 255
69 0.000 3.000 9.839 255 255 255
70 0.000 3.000 10.096 255 255 255
71 0.000 3.000 10.355 255 255 255
72 0.000 3.000 10.616 255 255 255
73 0.000 3.000 10.879 255 255 255
74 0.000 3.000 11.144 255 255 255
75 0.000 3.000 11.412 255 255 255
76 0.000 3.000 11.681 255 255 255
77 0.000 3.000 11.952 255 255 255
78 0.000 3.000 12.225 255 255 255
79 0.000 3.000 12.501 255 255 255
80 0.000 3.000 12.777 255 255 255
81 0.000 3.000 13.056 255 255 255
82 0.000 3.000 13.336 255 255 255
83 0.000 3.000 13.618 255 255 255
84 0.000 3.000 13.902 255 255 255
85 0.000 3.000 14.188 255 255 255
86 0.000 3.000 14.474 255 255 255
87 0.000 3.000 14.763 255 255 255
88 0.000 3.000 15.053 255 255 255
89 0.000 3.000 15.344 255 255 255
90 0.000 3.000 15.637 255 255 255
91 0.000 3.000 15.931 255 255 255
92 0.000 3.000 16.226 255 255 255
93 0.000 3.000 16.523 255 255 255
94 0.000 3.000 16.820 255 255 255
95 0.000 3.000 17.119 255 255 255
96 0.000 3.000 17.419 255 255 255
97 0.000 3.000 17.721 255 255 255
98 0.000 3.000 18.023 255 255 255
99 0.000 3.000 18.326 255 255 255
100 0.000 3.000 18.630 255 255 255
101 0.000 3.000 18.935 255 255 255
102 0.000 3.000 19.241 255 255 255
103 0.000 3.000 19.548 255 255 255
104 0.000 3.000 19.855 255 255 255
105 0.000 3.000 20.163 255 255 255
106 0.000 3.000 20.472 255 255 255
107 0.000 3.000 20.782 255 255 255
108 0.000 3.000 21.092 255 255 255
109 0.000 3.000 21.402 255 255 255
110 0.000 3.000 21.713 255 255 255
111 0.000 3.000 22.025 255 255 255
112 0.000 3.000 22.337 255 255 255
113 0.000 3.000 22.650 255 255 255
114 0.000 3.000 22.962 255 255 255
115 0.000 3.000 23.275 255 255 255
116 0.000 3.000 23.589 255 255 255
117 0.000 3.000 23.902 255 255 255
118 0.000 3.000 24.216 255 255 255
119 0.000 3.000 24.529 255 255 255
120 0.000 3.000 24.843 255 255 255
121 0.000 3.000 25.157 255 255 255
122 0.000 3.000 25.471 255 255 255
123 0.000 3.000 25.784 255 255 255
124 0.000 3.000 26.098 255 255 255
125 0.000 3.000 26.411 255 255 255
126 0.000 3.000 26.725 255 255 255
127 0.000 3.000 27.038 255 255 255
128 0.000 3.000 27.350 255 255 255
129 0.000 3.000 27.663 255 255 255
130 0.000 3.000 27.975 255 255 255
131 0.000 3.000 28.286 255 255 255
132 0.000 3.000 28.598 255 255 255
133 0.000 3.000 28.908 255 255 255
134 0.000 3.000 29.218 255 255 255
135 0.000 3.000 29.528 255 255 255
136 0.000 3.000 29.837 255 255 255
137 0.000 3.000 30.145 255 255 255
138 0.000 3.000 30.452 255 255 255
139 0.000 3.000 30.759 255 255 255
140 0.000 3.000 31.065 255 255 255
141 0.000 3.000 31.370 255 255 255
142 0.000 3.000 31.674 255 255 255
143 0.000 3.000 31.977 255 255 255
144 0.000 3.000 32.279 255 255 255
145 0.000 3.000 32.581 255 255 255
146 0.000 3.000 32.881 255 255 255
147 0.000 3.000 33.180 255 255 255
148 0.000 3.000 33.477 255 255 255
149 0.000 3.000 33.774 255 255 255
150 0.000 3.000 34.069 255 255 255
151 0.000 3.000 34.363 255 255 255
152 0.000 3.000 34.656 255 255 255
153 0.000 3.000 34.947 255 255 255
154 0.000 3.000 35.237 255 255 255
155 0.000 3.000 35.526 255 255 255
156 0.000 3.000 35.812 255 255 255
157 0.000 3.000 36.098 255 255 255
158 0.000 3.000 36.382 255 255 255
159 0.000 3.000 36.664 255 255 255
160 0.000 3.000 36.944 255 255 255
161 0.000 3.000 37.223 255 255 255
162 0.000 3.000 37.499 255 255 255
163 0.000 3.000 37.775 255 255 255
164 0.000 3.000 38.048 255 255 255
165 0.000 3.000 38.319 255 255 255
166 0.000 3.000 38.588 255 255 255
167 0.000 3.000 38.856 255 255 255
168 0.000 3.000 39.121 255 255 255
169 0.000 3.000 39.384 255 255 255
170 0.000 3.000 39.645 255 255 255
171 0.000 3.000 39.904 255 255 255
172 0.000 3.000 40.161 255 255 255
173 0.000 3.000 40.415 255 255 255
174 0.000 3.000 40.667 255 255 255
175 0.000 3.000 40.917 255 255 255
176 0.000 3.000 41.164 255 255 255
177 0.000 3.000 41.409 255 255 255
178 0.000 3.000 41.651 255 255 255
179 0.000 3.000 41.891 255 255 255
180 0.000 3.000 42.129 255 255 255
181 0.000 3.000 42.363 255 255 255
182 0.000 3.000 42.595 255 255 255
183 0.000 3.000 42.825 255 255 255
184 0.000 3.000 43.051 255 255 255
185 0.000 3.000 43.275 255 255 255
186 0.000 3.000 43.496 255 255 255
187 0.000 3.000 43.714 255 255 255
188 0.000 3.000 43.929 255 255 255
189 0.000 3.000 44.141 255 255 255
190 0.000 3.000 44.351 255 255 255
191 0.000 3.000 44.557 255 255 255
192 0.000 3.000 44.760 255 255 255
193 0.000 3.000 44.960 255 255 255
194 0.000 3.000 45.156 255 255 255
195 0.000 3.000 45.350 255 255 255
196 0.000 3.000 45.540 255 255 255
197 0.000 3.000 45.727 255 255 255
198 0.000 3.000 45.910 255 255 255
199 0.000 3.000 46.091 255 255 255
200 0.000 3.000 46.267 255 255 255
201 0.000 3.000 46.440 255 255 255
202 0.000 3.000 46.610 255 255 255
203 0.000 3.000 46.776 255 255 255
204 0.000 3.000 46.938 255 255 255
205 0.000 3.000 47.097 255 255 255
206 0.000 3.000 47.252 255 255 255
207 0.000 3.000 47.404 255 255 255
208 0.000 3.000 47.551 255 255 255
209 0.000 3.000 47.695 255 255 255
210 0.000 3.000 47.834 255 255 255
211 0.000 3.000 47.970 255 255 255
212 0.000 3.000 48.102 255 255 255
213 0.000 3.000 48.230 255 255 255
214 0.000 3.000 48.354 255 255 255
215 0.000 3.000 48.473 255 255 255
216 0.000 3.000 48.589 255 255 255
217 0.000 3.000 48.700 255 255 255
218 0.000 3.000 48.807 255 255 255
219 0.000 3.000 48.910 255 255 255
220 0.000 3.000 49.008 255 255 255
221 0.000 3.000 49.102 255 255 255
222 0.000 3.000 49.192 255 255 255
223 0.000 3.000 49.277 255 255 255
224 0.000 3.000 49.358 255 255 255
225 0.000 3.000 49.434 255 255 255
226 0.000 3.000 49.505 255 255 255
227 0.000 3.000 49.572 255 255 255
228 0.000 3.000 49.635 255 255 255
229 0.000 3.000 49.692 255 255 255
230 0.000 3.000 49.745 255 255 255
231 0.000 3.000 49.793 255 255 255
232 0.000 3.000 49.836 255 255 255
233 0.000 3.000 49.874 255 255 255
234 0.000 3.000 49.907 255 255 255
235 0.000 3.000 49.935 255 255 255
236 0.000 3.000 49.958 255 255 255
237 0.000 3.000 49.977 255 255 255
238 0.000 3.000 49.990 255 255 255
239 0.000 3.000 49.997 255 255 255
240 0.000 3.000 50.000 255 255 255
241 0.000 3.000 50.000 255 255 255
242 0.000 3.000 50.000 255 255 255
243 0.000 3.000 50.000 255 255 255
244 0.000 3.000 50.000 255 255 255
245 0.000 3.000 50.000 255 255 255
246 0.000 3.000 50.000 255 255 255
247 0.000 3.000 50.000 255 255 255
248 0.000 3.000 50.000 255 255 255
249 0.000 3.000 50.000 255 255 255
250 0.000 3.000 50.000 255 255 255
251 0.000 3.000 50.000 255 255 255
252 0.000 3.000 50.000 255 255 255
253 0.000 3.000 50.000 255 255 255
254 0.000 3.000 50.000 255 255 255
255 0.000 3.000 50.000 255 255 255
256 0.000 3.000 50.000 255 255 255
257 0.000 3.000 50.000 255 255 255
258 0.000 3.000 50.000 255 255 255
259 0.000 3.000 50.000 255 255 255
260 0.000 3.000 50.000 255 255 255
261 0.000 3.000 50.000 255 255 255
262 0.000 3.000 50.000 255 255 255
263 0.000 3.000 50.000 255 255 255
264 0.000 3.000 50.000 255 255 255
265 0.000 3.000 50.000 255 255 255
266 0.000 3.000 50.000 255 255 255
267 0.000 3.000 50.000 255 255 255
268 0.000 3.000 50.000 255 255 255
269 0.000 3.000 50.000 255 255 255
270 0.000 3.000 50.000 255 255 255
271 0.000 3.000 50.000 255 255 255
272 0.000 3.000 50.000 255 255 255
273 0.000 3.000 50.000 255 255 255
274 0.000 3.000 50.000 255 255 255
275 0.000 3.000 50.000 255 255 255
276 0.000 3.000 50.000 255 255 255
277 0.000 3.000 50.000 255 255 255
278 0.000 3.000 50.000 255 255 255
279 0.000 3.000 50.000 255 255 255
280 0.000 3.000 50.000 255 255 255
281 0.000 3.000 50.000 255 255 255
282 0.000 3.000 50.000 255 255 255
283 0.000 3.000 50.000 255 255 255
284 0.000 3.000 50.000 255 255 255
285 0.000 3.000 50.000 255 255 255
286 0.000 3.000 50.000 255 255 255
287 0.000 3.000 50.000 255 255 255
288 0.000 3.000 50.000 255 255 255
289 0.000 3.000 50.000 255 255 255
290 0.000 3.000 50.000 255 255 255
291 0.000 3.000 50.000 255 255 255
292 0.000 3.000 50.000 255 255 255
293 0.000 3.000 50.000 255 255 255
294 0.000 3.000 50.000 255 255 255
295 0.000 3.000 50.000 255 255 255
296 0.000 3.000 50.000 255 255 255
297 0.000 3.000 50.000 255 255 255
298 0.000 3.000 50.000 255 255 255
299 0.000 3.000 50.000 255 255 255
300 0.000 3.000 50.000 255 255 255
301 0.000 3.000 50.000 255 255 255
302 0.000 3.000 50.000 255 255 255
303 0.000 3.000 50.000 255 255 255
304 0.000 3.000 50.000 255 255 255
305 0.000 3.000 50.000 255 255 255
306 0.000 3.000 50.000 255 255 255
307 0.000 3.000 50.000 255 255 255
308 0.000 3.000 50.000 255 255 255
309 0.000 3.000 50.000 255 255 255
310 0.000 3.000 50.000 255 255 255
311 0.000 3.000 50.000 255 255 255
312 0.000 3.000 50.000 255 255 255
313 -0.002 3.000 49.998 255 255 255
314 -0.007 3.001 49.993 255 255 255
315 -0.017 3.003 49.983 255 255 255
316 -0.030 3.005 49.970 255 255 255
317 -0.046 3.008 49.954 255 255 255
318 -0.066 3.011 49.934 255 255 255
319 -0.089 3.015 49.911 255 255 255
320 -0.116 3.019 49.884 255 255 255
321 -0.146 3.024 49.854 255 255 255
322 -0.179 3.029 49.821 255 255 255
323 -0.215 3.035 49.785 255 255 255
324 -0.255 3.041 49.745 255 255 255
325 -0.297 3.048 49.703 255 255 255
326 -0.343 3.056 49.657 255 255 255
327 -0.391 3.064 49.609 255 255 255
328 -0.442 3.072 49.558 255 255 255
329 -0.496 3.081 49.504 255 255 255
330 -0.553 3.090 49.447 255 255 255
331 -0.612 3.100 49.388 255 255 255
332 -0.674 3.110 49.326 255 255 255
333 -0.738 3.120 49.262 255 255 255
334 -0.805 3.131 49.195 255 255 255
335 -0.874 3.142 49.126 255 255 255
336 -0.946 3.154 49.054 255 255 255
337 -1.020 3.166 48.980 255 255 255
338 -1.096 3.179 48.904 255 255 255
339 -1.174 3.191 48.826 255 255 255
340 -1.255 3.204 48.745 255 255 255
341 -1.337 3.218 48.663 255 255 255
342 -1.421 3.232 48.579 255 255 255
343 -1.507 3.246 48.493 255 255 255
344 -1.596 3.260 48.404 255 255 255
345 -1.685 3.275 48.315 255 255 255
346 -1.777 3.290 48.223 255 255 255
347 -1.870 3.305 48.130 255 255 255
348 -1.965 3.320 48.035 255 255 255
349 -2.061 3.336 47.939 255 255 255
350 -2.159 3.352 47.841 255 255 255
351 -2.258 3.368 47.742 255 255 255
352 -2.358 3.384 47.642 255 255 255
353 -2.460 3.401 47.540 255 255 255
354 -2.563 3.418 47.437 255 255 255
355 -2.667 3.435 47.333 255 255 255
356 -2.772 3.452 47.228 255 255 255
357 -2.878 3.469 47.122 255 255 255
358 -2.985 3.486 47.015 255 255 255
359 -3.093 3.504 46.907 255 255 255
360 -3.202 3.522 46.798 255 255 255
361 -3.311 3.540 46.689 255 255 255
362 -3.422 3.557 46.578 255 255 255
363 -3.532 3.576 46.468 255 255 255
364 -3.644 3.594 46.356 255 255 255
365 -3.756 3.612 46.244 255 255 255
366 -3.868 3.630 46.132 255 255 255
367 -3.981 3.649 46.019 255 255 255
368 -4.094 3.667 45.906 255 255 255
369 -4.207 3.685 45.793 255 255 255
370 -4.321 3.704 45.679 255 255 255
371 -4.434 3.722 45.566 255 255 255
372 -4.548 3.741 45.452 255 255 255
373 -4.662 3.760 45.338 255 255 255
374 -4.775 3.778 45.225 255 255 255
375 -4.889 3.797 45.111 255 255 255
376 -5.002 3.815 44.998 255 255 255
377 -5.115 3.833 44.885 255 255 255
378 -5.228 3.852 44.772 255 255 255
379 -5.340 3.870 44.660 255 255 255
380 -5.452 3.888 44.548 255 255 255
381 -5.564 3.907 44.436 255 255 255
382 -5.675 3.925 44.325 255 255 255
383 -5.785 3.943 44.215 255 255 255
384 -5.894 3.960 44.106 255 255 255
385 -6.003 3.978 43.997 255 255 255
386 -6.111 3.996 43.889 255 255 255
387 -6.218 4.013 43.782 255 255 255
388 -6.324 4.030 43.676 255 255 255
389 -6.429 4.048 43.571 255 255 255
390 -6.533 4.064 43.467 255 255 255
391 -6.636 4.081 43.364 255 255 255
392 -6.738 4.098 43.262 255 255 255
393 -6.838 4.114 43.162 255 255 255
394 -6.937 4.130 43.063 255 255 255
395 -7.035 4.146 42.965 255 255 255
396 -7.131 4.162 42.869 255 255 255
397 -7.226 4.177 42.774 255 255 255
398 -7.319 4.193 42.681 255 255 255
399 -7.411 4.207 42.589 255 255 255
400 -7.501 4.222 42.499 255 255 255
401 -7.589 4.236 42.411 255 255 255
402 -7.675 4.250 42.325 255 255 255
403 -7.759 4.264 42.241 255 255 255
404 -7.841 4.278 42.159 255 255 255
405 -7.922 4.291 42.078 255 255 255
406 -8.000 4.303 42.000 255 255 255
407 -8.076 4.316 41.924 255 255 255
408 -8.150 4.328 41.850 255 255 255
409 -8.222 4.340 41.778 255 255 255
410 -8.291 4.351 41.709 255 255 255
411 -8.358 4.362 41.642 255 255 255
412 -8.422 4.372 41.578 255 255 255
413 -8.484 4.382 41.516 255 255 255
414 -8.543 4.392 41.457 255 255 255
415 -8.600 4.401 41.400 255 255 255
416 -8.654 4.410 41.346 255 255 255
417 -8.705 4.418 41.295 255 255 255
418 -8.754 4.426 41.246 255 255 255
419 -8.799 4.434 41.201 255 255 255
420 -8.841 4.441 41.159 255 255 255
421 -8.881 4.447 41.119 255 255 255
422 -8.917 4.453 41.083 255 255 255
423 -8.950 4.458 41.050 255 255 255
424 -8.980 4.463 41.020 255 255 255
425 -9.007 4.468 40.993 255 255 255
426 -9.030 4.471 40.970 255 255 255
427 -9.050 4.475 40.950 255 255 255
428 -9.066 4.477 40.934 255 255 255
429 -9.079 4.479 40.921 255 255 255
430 -9.089 4.481 40.911 255 255 255
431 -9.094 4.482 40.906 255 255 255
432 -9.096 4.482 40.904 255 255 255
433 -9.094 4.480 40.904 255 255 255
434 -9.087 4.473 40.904 255 255 255
435 -9.075 4.461 40.904 255 255 255
436 -9.059 4.445 40.904 255 255 255
437 -9.039 4.425 40.904 255 255 255
438 -9.014 4.400 40.904 255 255 255
439 -8.984 4.372 40.904 255 255 255
440 -8.950 4.339 40.904 255 255 255
441 -8.912 4.301 40.904 255 255 255
442 -8.869 4.260 40.904 255 255 255
443 -8.821 4.215 40.904 255 255 255
444 -8.770 4.167 40.904 255 255 255
445 -8.713 4.115 40.904 255 255 255
446 -8.652 4.059 40.904 255 255 255
447 -8.587 4.000 40.904 255 255 255
448 -8.517 3.938 40.904 255 255 255
449 -8.442 3.872 40.904 255 255 255
450 -8.363 3.804 40.904 255 255 255
451 -8.279 3.733 40.904 255 255 255
452 -8.191 3.659 40.904 255 255 255
453 -8.097 3.583 40.904 255 255 255
454 -7.999 3.504 40.904 255 255 255
455 -7.897 3.423 40.904 255 255 255
456 -7.789 3.341 40.904 255 255 255
457 -7.677 3.256 40.904 255 255 255
458 -7.560 3.170 40.904 255 255 255
459 -7.438 3.082 40.904 255 255 255
460 -7.311 2.994 40.904 255 255 255
461 -7.179 2.904 40.904 255 255 255
462 -7.042 2.813 40.904 255 255 255
463 -6.900 2.721 40.904 255 255 255
464 -6.753 2.630 40.904 255 255 255
465 -6.601 2.537 40.904 255 255 255
466 -6.445 2.445 40.904 255 255 255
467 -6.283 2.353 40.904 255 255 255
468 -6.116 2.261 40.904 255 255 255
469 -5.944 2.170 40.904 255 255 255
470 -5.768 2.080 40.904 255 255 255
471 -5.586 1.990 40.904 255 255 255
472 -5.399 1.902 40.904 255 255 255
473 -5.208 1.816 40.904 255 255 255
474 -5.011 1.731 40.904 255 255 255
475 -4.810 1.648 40.904 255 255 255
476 -4.604 1.567 40.904 255 255 255
477 -4.394 1.488 40.904 255 255 255
478 -4.178 1.412 40.904 255 255 255
479 -3.959 1.339 40.904 255 255 255
480 -3.734 1.268 40.904 255 255 255
481 -3.505 1.201 40.904 255 255 255
482 -3.272 1.137 40.904 255 255 255
483 -3.035 1.077 40.904 255 255 255
484 -2.794 1.021 40.904 255 255 255
485 -2.548 0.969 40.904 255 255 255
486 -2.299 0.921 40.904 255 255 255
487 -2.046 0.878 40.904 255 255 255
488 -1.789 0.839 40.904 255 255 255
489 -1.529 0.806 40.904 255 255 255
490 -1.266 0.777 40.904 255 255 255
491 -0.999 0.753 40.904 255 255 255
492 -0.730 0.735 40.904 255 255 255
493 -0.457 0.722 40.904 255 255 255
494 -0.183 0.716 40.904 255 255 255
495 0.095 0.715 40.904 255 255 255
496 0.374 0.720 40.904 255 255 255
497 0.656 0.731 40.904 255 255 255
498 0.939 0.749 40.904 255 255 255
499 1.224 0.773 40.904 255 255 255
500 1.510 0.803 40.904 255 255 255
501 1.797 0.841 40.904 255 255 255
502 2.086 0.885 40.904 255 255 255
503 2.375 0.935 40.904 255 255 255
504 2.664 0.993 40.904 255 255 255
505 2.954 1.058 40.904 255 255 255
506 3.243 1.130 40.904 255 255 255
507 3.533 1.209 40.904 255 255 255
508 3.821 1.295 40.904 255 255 255
509 4.109 1.388 40.904 255 255 255
510 4.396 1.489 40.904 255 255 255
511 4.682 1.597 40.904 255 255 255
512 4.966 1.712 40.904 255 255 255
513 5.248 1.834 40.904 255 255 255
514 5.528 1.963 40.904 255 255 255
515 5.806 2.099 40.904 255 255 255
516 6.081 2.243 40.904 255 255 255
517 6.354 2.393 40.904 255 255 255
518 6.623 2.550 40.904 255 255 255
519 6.889 2.715 40.904 255 255 255
520 7.152 2.886 40.904 255 255 255
521 7.410 3.063 40.904 255 255 255
522 7.665 3.247 40.904 255 255 255
523 7.915 3.438 40.904 255 255 255
524 8.161 3.635 40.904 255 255 255
525 8.403 3.838 40.904 255 255 255
526 8.639 4.047 40.904 255 255 255
527 8.870 4.262 40.904 255 255 255
528 9.096 4.482 40.904 255 255 255
529 9.317 4.708 40.904 255 255 255
530 9.531 4.939 40.904 255 255 255
531 9.740 5.176 40.904 255 255 255
532 9.943 5.417 40.904 255 255 255
533 10.140 5.663 40.904 255 255 255
534 10.331 5.913 40.904 255 255 255
535 10.515 6.168 40.904 255 255 255
536 10.693 6.427 40.904 255 255 255
537 10.864 6.689 40.904 255 255 255
538 11.028 6.955 40.904 255 255 255
539 11.185 7.224 40.904 255 255 255
540 11.336 7.497 40.904 255 255 255
541 11.479 7.772 40.904 255 255 255
542 11.615 8.050 40.904 255 255 255
543 11.745 8.330 40.904 255 255 255
544 11.867 8.612 40.904 255 255 255
545 11.982 8.896 40.904 255 255 255
546 12.089 9.182 40.904 255 255 255
547 12.190 9.469 40.904 255 255 255
548 12.283 9.757 40.904 255 255 255
549 12.369 10.045 40.904 255 255 255
550 12.448 10.335 40.904 255 255 255
551 12.520 10.624 40.904 255 255 255
552 12.585 10.914 40.904 255 255 255
553 12.643 11.203 40.904 255 255 255
554 12.694 11.492 40.904 255 255 255
555 12.738 11.781 40.904 255 255 255
556 12.775 12.068 40.904 255 255 255
557 12.805 12.354 40.904 255 255 255
558 12.829 12.639 40.904 255 255 255
559 12.847 12.922 40.904 255 255 255
560 12.858 13.204 40.904 255 255 255
561 12.863 13.483 40.904 255 255 255
562 12.863 13.761 40.904 255 255 255
563 12.856 14.036 40.904 255 255 255
564 12.843 14.308 40.904 255 255 255
565 12.825 14.577 40.904 255 255 255
566 12.801 14.844 40.904 255 255 255
567 12.773 15.107 40.904 255 255 255
568 12.739 15.367 40.904 255 255 255
569 12.700 15.624 40.904 255 255 255
570 12.657 15.877 40.904 255 255 255
571 12.609 16.126 40.904 255 255 255
572 12.557 16.372 40.904 255 255 255
573 12.501 16.613 40.904 255 255 255
574 12.441 16.850 40.904 255 255 255
575 12.377 17.084 40.904 255 255 255
576 12.310 17.312 40.904 255 255 255
577 12.240 17.537 40.904 255 255 255
578 12.166 17.757 40.904 255 255 255
579 12.090 17.972 40.904 255 255 255
580 12.012 18.183 40.904 255 255 255
581 11.931 18.388 40.904 255 255 255
582 11.847 18.590 40.904 255 255 255
583 11.762 18.786 40.904 255 255 255
584 11.676 18.977 40.904 255 255 255
585 11.588 19.164 40.904 255 255 255
586 11.498 19.346 40.904 255 255 255
587 11.408 19.522 40.904 255 255 255
588 11.317 19.694 40.904 255 255 255
589 11.225 19.861 40.904 255 255 255
590 11.133 20.023 40.904 255 255 255
591 11.041 20.180 40.904 255 255 255
592 10.949 20.331 40.904 255 255 255
593 10.857 20.478 40.904 255 255 255
594 10.765 20.620 40.904 255 255 255
595 10.674 20.757 40.904 255 255 255
596 10.585 20.889 40.904 255 255 255
597 10.496 21.016 40.904 255 255 255
598 10.408 21.138 40.904 255 255 255
599 10.322 21.255 40.904 255 255 255
600 10.237 21.367 40.904 255 255 255
601 10.155 21.475 40.904 255 255 255
602 10.074 21.578 40.904 255 255 255
603 9.995 21.676 40.904 255 255 255
604 9.919 21.769 40.904 255 255 255
605 9.845 21.857 40.904 255 255 255
606 9.774 21.941 40.904 255 255 255
607 9.706 22.020 40.904 255 255 255
608 9.641 22.095 40.904 255 255 255
609 9.578 22.165 40.904 255 255 255
610 9.519 22.230 40.904 255 255 255
611 9.464 22.291 40.904 255 255 255
612 9.411 22.348 40.904 255 255 255
613 9.363 22.400 40.904 255 255 255
614 9.318 22.447 40.904 255 255 255
615 9.277 22.490 40.904 255 255 255
616 9.240 22.528 40.904 255 255 255
617 9.207 22.562 40.904 255 255 255
618 9.178 22.592 40.904 255 255 255
619 9.153 22.617 40.904 255 255 255
620 9.133 22.637 40.904 255 255 255
621 9.117 22.653 40.904 255 255 255
622 9.105 22.665 40.904 255 255 255
623 9.098 22.672 40.904 255 255 255
624 9.096 22.674 40.904 255 255 255
625 9.096 22.674 40.904 255 255 255
626 9.096 22.674 40.904 255 255 255
627 9.096 22.674 40.904 255 255 255
628 9.096 22.674 40.904 255 255 255
629 9.096 22.674 40.904 255 255 255
630 9.096 22.674 40.904 255 255 255
631 9.096 22.674 40.904 255 255 255
632 9.096 22.674 40.904 255 255 255
633 9.096 22.674 40.904 255 255 255
634 9.096 22.674 40.904 255 255 255
635 9.096 22.674 40.904 255 255 255
636 9.096 22.674 40.904 255 255 255
637 9.096 22.674 40.904 255 255 255
638 9.096 22.674 40.904 255 255 255
639 9.096 22.674 40.904 255 255 255
640 9.096 22.674 40.904 255 255 255
641 9.096 22.674 40.904 255 255 255
642 9.096 22.674 40.904 255 255 255
643 9.096 22.674 40.904 255 255 255
644 9.096 22.674 40.904 255 255 255
645 9.096 22.674 40.904 255 255 255
646 9.096 22.674 40.904 255 255 255
647 9.096 22.674 40.904 255 255 255
648 9.096 22.674 40.904 255 255 255
649 9.096 22.674 40.904 255 255 255
650 9.096 22.674 40.904 255 255 255
651 9.096 22.674 40.904 255 255 255
652 9.096 22.674 40.904 255 255 255
653 9.096 22.674 40.904 255 255 255
654 9.096 22.674 40.904 255 255 255
655 9.096 22.674 40.904 255 255 255
656 9.096 22.674 40.904 255 255 255
657 9.096 22.674 40.904 255 255 255
658 9.096 22.674 40.904 255 255 255
659 9.096 22.674 40.904 255 255 255
660 9.096 22.674 40.904 255 255 255
661 9.096 22.674 40.904 255 255 255
662 9.096 22.674 40.904 255 255 255
663 9.096 22.674 40.904 255 255 255
664 9.096 22.674 40.904 255 255 255
665 9.096 22.674 40.904 255 255 255
666 9.096 22.674 40.904 255 255 255
667 9.096 22.674 40.904 255 255 255
668 9.096 22.674 40.904 255 255 255
669 9.096 22.674 40.904 255 255 255
670 9.096 22.674 40.904 255 255 255
671 9.096 22.674 40.904 255 255 255
672 9.096 22.674 40.904 255 255 255
673 9.096 22.674 40.904 255 255 255
674 9.096 22.674 40.904 255 255 255
675 9.096 22.674 40.904 255 255 255
676 9.096 22.674 40.904 255 255 255
677 9.096 22.674 40.904 255 255 255
678 9.096 22.674 40.904 255 255 255
679 9.096 22.674 40.904 255 255 255
680 9.096 22.674 40.904 255 255 255
681 9.096 22.674 40.904 255 255 255
682 9.096 22.674 40.904 255 255 255
683 9.096 22.674 40.904 255 255 255
684 9.096 22.674 40.904 255 255 255
685 9.096 22.674 40.904 255 255 255
686 9.096 22.674 40.904 255 255 255
687 9.096 22.674 40.904 255 255 255
688 9.096 22.674 40.904 255 255 255
689 9.096 22.674 40.904 255 255 255
690 9.096 22.674 40.904 255 255 255
691 9.096 22.674 40.904 255 255 255
692 9.096 22.674 40.904 255 255 255
693 9.096 22.674 40.904 255 255 255
694 9.096 22.674 40.904 255 255 255
695 9.096 22.674 40.904 255 255 255
696 9.096 22.674 40.904 255 255 255
697 9.096 22.674 40.904 255 255 255
698 9.096 22.674 40.904 255 255 255
699 9.096 22.674 40.904 255 255 255
700 9.096 22.674 40.904 255 255 255
701 9.096 22.674 40.904 255 255 255
702 9.096 22.674 40.904 255 255 255
703 9.096 22.674 40.904 255 255 255
704 9.096 22.674 40.904 255 255 255
705 9.096 22.674 40.904 255 255 255
706 9.096 22.674 40.904 255 255 255
707 9.096 22.674 40.904 255 255 255
708 9.096 22.674 40.904 255 255 255
709 9.096 22.674 40.904 255 255 255
710 9.096 22.674 40.904 255 255 255
711 9.096 22.674 40.904 255 255 255
712 9.096 22.674 40.904 255 255 255
713 9.096 22.674 40.904 255 255 255
714 9.096 22.674 40.904 255 255 255
715 9.096 22.674 40.904 255 255 255
716 9.096 22.674 40.904 255 255 255
717 9.096 22.674 40.904 255 255 255
718 9.096 22.674 40.904 255 255 255
719 9.096 22.674 40.904 255 255 255
720 9.096 22.674 40.904 255 255 255
721 9.096 22.674 40.904 255 255 255
722 9.096 22.674 40.904 255 255 255
723 9.096 22.674 40.904 255 255 255
724 9.096 22.674 40.904 255 255 255
725 9.096 22.674 40.904 255 255 255
726 9.096 22.674 40.904 255 255 255
727 9.096 22.674 40.904 255 255 255
728 9.096 22.674 40.904 255 255 255
729 9.096 22.674 40.904 255 255 255
730 9.096 22.674 40.904 255 255 255
731 9.096 22.674 40.904 255 255 255
732 9.096 22.674 40.904 255 255 255
733 9.096 22.674 40.904 255 255 255
734 9.096 22.674 40.904 255 255 255
735 9.096 22.674 40.904 255 255 255
736 9.096 22.674 40.904 255 255 255
737 9.096 22.674 40.904 255 255 255
738 9.096 22.674 40.904 255 255 255
739 9.096 22.674 40.904 255 255 255
740 9.096 22.674 40.904 255 255 255
741 9.096 22.674 40.904 255 255 255
742 9.096 22.674 40.904 255 255 255
743 9.096 22.674 40.904 255 255 255
744 9.096 22.674 40.904 255 255 255
745 9.096 22.674 40.904 255 255 255
746 9.096 22.674 40.904 255 255 255
747 9.096 22.674 40.904 255 255 255
748 9.096 22.674 40.904 255 255 255
749 9.096 22.674 40.904 255 255 255
750 9.096 22.674 40.904 255 255 255
751 9.096 22.674 40.904 255 255 255
752 9.096 22.674 40.904 255 255 255
753 9.096 22.674 40.904 255 255 255
754 9.096 22.674 40.904 255 255 255
755 9.096 22.674 40.904 255 255 255
756 9.096 22.674 40.904 255 255 255
757 9.096 22.674 40.904 255 255 255
758 9.096 22.674 40.904 255 255 255
759 9.096 22.674 40.904 255 255 255
760 9.096 22.674 40.904 255 255 255
761 9.096 22.674 40.904 255 255 255
762 9.096 22.674 40.904 255 255 255
763 9.096 22.674 40.904 255 255 255
764 9.096 22.674 40.904 255 255 255
765 9.096 22.674 40.904 255 255 255
766 9.096 22.674 40.904 255 255 255
767 9.096 22.674 40.904 255 255 255
768 9.096 22.674 40.904 255 255 255
769 9.096 22.674 40.904 255 255 255
770 9.096 22.674 40.904 255 255 255
771 9.096 22.674 40.904 255 255 255
772 9.096 22.674 40.904 255 255 255
773 9.096 22.674 40.904 255 255 255
774 9.096 22.674 40.904 255 255 255
775 9.096 22.674 40.904 255 255 255
776 9.096 22.674 40.904 255 255 255
777 9.096 22.674 40.904 255 255 255
778 9.096 22.674 40.904 255 255 255
779 9.096 22.674 40.904 255 255 255
780 9.096 22.674 40.904 255 255 255
781 9.096 22.674 40.904 255 255 255
782 9.096 22.674 40.904 255 255 255
783 9.096 22.674 40.904 255 255 255
784 9.096 22.674 40.904 255 255 255
785 9.096 22.674 40.904 255 255 255
786 9.096 22.674 40.904 255 255 255
787 9.096 22.674 40.904 255 255 255
788 9.096 22.674 40.904 255 255 255
789 9.096 22.674 40.904 255 255 255
790 9.096 22.674 40.904 255 255 255
791 9.096 22.674 40.904 255 255 255
792 9.096 22.674 40.904 255 255 255
793 9.096 22.674 40.904 255 255 255
794 9.096 22.674 40.904 255 255 255
795 9.096 22.674 40.904 255 255 255
796 9.096 22.674 40.904 255 255 255
797 9.096 22.674 40.904 255 255 255
798 9.096 22.674 40.904 255 255 255
799 9.096 22.674 40.904 255 255 255
800 9.096 22.674 40.904 255 255 255
801 9.096 22.674 40.904 255 255 255
802 9.096 22.674 40.904 255 255 255
803 9.096 22.674 40.904 255 255 255
804 9.096 22.674 40.904 255 255 255
805 9.096 22.674 40.904 255 255 255
806 9.096 22.674 40.904 255 255 255
807 9.096 22.674 40.904 255 255 255
808 9.096 22.674 40.904 255 255 255
809 9.096 22.674 40.904 255 255 255
810 9.096 22.674 40.904 255 255 255
811 9.096 22.674 40.904 255 255 255
812 9.096 22.674 40.904 255 255 255
813 9.096 22.674 40.904 255 255 255
814 9.096 22.674 40.904 255 255 255
815 9.096 22.674 40.904 255 255 255
816 9.096 22.674 40.904 255 255 255
817 9.096 22.674 40.904 255 255 255
818 9.096 22.674 40.904 255 255 255
819 9.096 22.674 40.904 255 255 255
820 9.096 22.674 40.904 255 255 255
821 9.096 22.674 40.904 255 255 255
822 9.096 22.674 40.904 255 255 255
823 9.096 22.674 40.904 255 255 255
824 9.096 22.674 40.904 255 255 255
825 9.096 22.674 40.904 255 255 255
826 9.096 22.674 40.904 255 255 255
827 9.096 22.674 40.904 255 255 255
828 9.096 22.674 40.904 255 255 255
829 9.096 22.674 40.904 255 255 255
830 9.096 22.674 40.904 255 255 255
831 9.096 22.674 40.904 255 255 255
832 9.096 22.674 40.904 255 255 255
833 9.096 22.674 40.904 255 255 255
834 9.096 22.674 40.904 255 255 255
835 9.096 22.674 40.904 255 255 255
836 9.096 22.674 40.904 255 255 255
837 9.096 22.674 40.904 255 255 255
838 9.096 22.674 40.904 255 255 255
839 9.096 22.674 40.904 255 255 255
840 9.096 22.674 40.904 255 255 255
841 9.096 22.674 40.904 255 255 255
842 9.096 22.674 40.904 255 255 255
843 9.096 22.674 40.904 255 255 255
844 9.096 22.674 40.904 255 255 255
845 9.096 22.674 40.904 255 255 255
846 9.096 22.674 40.904 255 255 255
847 9.096 22.674 40.904 255 255 255
848 9.096 22.674 40.904 255 255 255
849 9.096 22.674 40.904 255 255 255
850 9.096 22.674 40.904 255 255 255
851 9.096 22.674 40.904 255 255 255
852 9.096 22.674 40.904 255 255 255
853 9.096 22.674 40.904 255 255 255
854 9.096 22.674 40.904 255 255 255
855 9.096 22.674 40.904 255 255 255
856 9.096 22.674 40.904 255 255 255
857 9.096 22.674 40.904 255 255 255
858 9.096 22.674 40.904 255 255 255
859 9.096 22.674 40.904 255 255 255
860 9.096 22.674 40.904 255 255 255
861 9.096 22.674 40.904 255 255 255
862 9.096 22.674 40.904 255 255 255
863 9.096 22.674 40.904 255 255 255
864 9.096 22.674 40.904 255 255 255
865 9.096 22.674 40.904 255 255 255
866 9.096 22.674 40.904 255 255 255
867 9.096 22.674 40.904 255 255 255
868 9.096 22.674 40.904 255 255 255
869 9.096 22.674 40.904 255 255 255
870 9.096 22.674 40.904 255 255 255
871 9.096 22.674 40.904 255 255 255
872 9.096 22.674 40.904 255 255 255
873 9.096 22.674 40.904 255 255 255
874 9.096 22.674 40.904 255 255 255
875 9.096 22.674 40.904 255 255 255
876 9.096 22.674 40.904 255 255 255
877 9.096 22.674 40.904 255 255 255
878 9.096 22.674 40.904 255 255 255
879 9.096 22.674 40.904 255 255 255
880 9.096 22.674 40.904 255 255 255
881 9.096 22.674 40.904 255 255 255
882 9.096 22.674 40.904 255 255 255
883 9.096 22.674 40.904 255 255 255
884 9.096 22.674 40.904 255 255 255
885 9.096 22.674 40.904 255 255 255
886 9.096 22.674 40.904 255 255 255
887 9.096 22.674 40.904 255 255 255
888 9.096 22.674 40.904 255 255 255
889 9.096 22.674 40.904 255 255 255
890 9.096 22.674 40.904 255 255 255
891 9.096 22.674 40.904 255 255 255
892 9.096 22.674 40.904 255 255 255
893 9.096 22.674 40.904 255 255 255
894 9.096 22.674 40.904 255 255 255
895 9.096 22.674 40.904 255 255 255
896 9.096 22.674 40.904 255 255 255
897 9.096 22.674 40.904 255 255 255
898 9.096 22.674 40.904 255 255 255
899 9.096 22.674 40.904 255 255 255
900 9.096 22.674 40.904 255 255 255
901 9.096 22.674 40.904 255 255 255
902 9.096 22.674 40.904 255 255 255
903 9.096 22.674 40.904 255 255 255
904 9.096 22.674 40.904 255 255 255
905 9.096 22.674 40.904 255 255 255
906 9.096 22.674 40.904 255 255 255
907 9.096 22.674 40.904 255 255 255
908 9.096 22.674 40.904 255 255 255
909 9.096 22.674 40.904 255 255 255
910 9.096 22.674 40.904 255 255 255
911 9.096 22.674 40.904 255 255 255
912 9.096 22.674 40.904 255 255 255
913 9.096 22.674 40.904 255 255 255
914 9.096 22.674 40.904 255 255 255
915 9.096 22.674 40.904 255 255 255
916 9.096 22.674 40.904 255 255 255
917 9.096 22.674 40.904 255 255 255
918 9.096 22.674 40.904 255 255 255
919 9.096 22.674 40.904 255 255 255
920 9.096 22.674 40.904 255 255 255
921 9.096 22.674 40.904 255 255 255
922 9.096 22.674 40.904 255 255 255
923 9.096 22.674 40.904 255 255 255
924 9.096 22.674 40.904 255 255 255
925 9.096 22.674 40.904 255 255 255
926 9.096 22.674 40.904 255 255 255
927 9.096 22.674 40.904 255 255 255
928 9.096 22.674 40.904 255 255 255
929 9.096 22.674 40.904 255 255 255
930 9.096 22.674 40.904 255 255 255
931 9.096 22.674 40.904 255 255 255
932 9.096 22.674 40.904 255 255 255
933 9.096 22.674 40.904 255 255 255
934 9.096 22.674 40.904 255 255 255
935 9.096 22.674 40.904 255 255 255
936 9.096 22.674 40.904 255 255 255
937 9.096 22.674 40.904 255 255 255
938 9.096 22.674 40.904 255 255 255
939 9.096 22.674 40.904 255 255 255
940 9.096 22.674 40.904 255 255 255
941 9.096 22.674 40.904 255 255 255
942 9.096 22.674 40.904 255 255 255
943 9.096 22.674 40.904 255 255 255
944 9.096 22.674 40.904 255 255 255
945 9.096 22.674 40.904 255 255 255
946 9.096 22.674 40.904 255 255 255
947 9.096 22.674 40.904 255 255 255
948 9.096 22.674 40.904 255 255 255
949 9.096 22.674 40.904 255 255 255
950 9.096 22.674 40.904 255 255 255
951 9.096 22.674 40.904 255 255 255
952 9.096 22.674 40.904 255 255 255
953 9.096 22.674 40.904 255 255 255
954 9.096 22.674 40.904 255 255 255
955 9.096 22.674 40.904 255 255 255
956 9.096 22.674 40.904 255 255 255
957 9.096 22.674 40.904 255 255 255
958 9.096 22.674 40.904 255 255 255
959 9.096 22.674 40.904 255 255 255
960 9.096 22.674 40.904 255 255 255
961 9.096 22.674 40.904 255 255 255
962 9.096 22.674 40.904 255 255 255
963 9.096 22.674 40.904 255 255 255
964 9.096 22.674 40.904 255 255 255
965 9.096 22.674 40.904 255 255 255
966 9.096 22.674 40.904 255 255 255
967 9.096 22.674 40.904 255 255 255
968 9.096 22.674 40.904 255 255 255
969 9.096 22.674 40.904 255 255 255
970 9.096 22.674 40.904 255 255 255
971 9.096 22.674 40.904 255 255 255
972 9.096 22.674 40.904 255 255 255
973 9.096 22.674 40.904 255 255 255
974 9.096 22.674 40.904 255 255 255
975 9.096 22.674 40.904 255 255 255
976 9.096 22.674 40.904 255 255 255
977 9.096 22.674 40.904 255 255 255
978 9.096 22.674 40.904 255 255 255
979 9.096 22.674 40.904 255 255 255
980 9.096 22.674 40.904 255 255 255
981 9.096 22.674 40.904 255 255 255
982 9.096 22.674 40.904 255 255 255
983 9.096 22.674 40.904 255 255 255
984 9.096 22.674 40.904 255 255 255
985 9.096 22.674 40.904 255 255 255
986 9.096 22.674 40.904 255 255 255
987 9.096 22.674 40.904 255 255 255
988 9.096 22.674 40.904 255 255 255
989 9.096 22.674 40.904 255 255 255
990 9.096 22.674 40.904 255 255 255
991 9.096 22.674 40.904 255 255 255
992 9.096 22.674 40.904 255 255 255
993 9.096 22.674 40.904 255 255 255
994 9.096 22.674 40.904 255 255 255
995 9.096 22.674 40.904 255 255 255
996 9.096 22.674 40.904 255 255 255
997 9.096 22.674 40.904 255 255 255
998 9.096 22.674 40.904 255 255 255
999 9.096 22.674 40.904 255 255 255
1000 9.096 22.674 40.904 255 255 255
1001 9.096 22.674 40.904 255 255 255
1002 9.096 22.674 40.904 255 255 255
1003 9.096 22.674 40.904 255 255 255
1004 9.096 22.674 40.904 255 255 255
1005 9.096 22.674 40.904 255 255 255
1006 9.096 22.674 40.904 255 255 255
1007 9.096 22.674 40.904 255 255 255
1008 9.096 22.674 40.904 255 255 255
1009 9.096 22.674 40.904 255 255 255
1010 9.096 22.674 40.904 255 255 255
1011 9.096 22.674 40.904 255 255 255
1012 9.096 22.674 40.904 255 255 255
1013 9.096 22.674 40.904 255 255 255
1014 9.096 22.674 40.904 255 255 255
1015 9.096 22.674 40.904 255 255 255
1016 9.096 22.674 40.904 255 255 255
1017 9.096 22.674 40.904 255 255 255
1018 9.096 22.674 40.904 255 255 255
1019 9.096 22.674 40.904 255 255 255
1020 9.096 22.674 40.904 255 255 255
1021 9.096 22.674 40.904 255 255 255
1022 9.096 22.674 40.904 255 255 255
1023 9.096 22.674 40.904 255 255 255
1024 9.096 22.674 40.904 255 255 255
1025 9.096 22.674 40.904 255 255 255